50
50
2 3 10 3 1 1 3 
2 10 3 2 1 2 1 
1 3 5 7 1 7 
2 2 8 3 4 1 
2 3 4 6 1 2 
2 4 7 3 1 5 1 
3 5 13 2 3 5 1 
10 5 7 1 2 4 5 
7 3 6 1 1 4 2 2 
3 3 1 4 4 9 11 
2 1 6 13 5 3 
15 10 1 
2 3 13 12 1 
2 2 4 7 1 1 7 2 
2 3 1 7 12 1 
3 2 4 4 6 1 1 1 
1 7 1 1 1 3 6 
2 13 1 1 5 
3 16 1 8 
1 1 6 1 4 1 1 5 2 7 
2 2 4 2 3 5 9 
1 3 7 9 9 
1 1 4 1 1 4 1 4 3 
2 2 4 2 3 
3 3 3 
2 2 4 2 11 
1 2 5 3 3 3 
1 7 4 1 10 2 1 3 
7 1 1 1 1 3 4 3 4 3 
5 1 5 1 4 1 2 2 1 2 
2 2 1 5 6 2 2 
2 14 9 1 
2 2 3 7 1 6 2 
2 2 1 6 1 3 7 1 3 1 
1 3 1 1 5 6 5 
4 1 4 7 1 5 
5 2 6 8 1 1 6 
2 4 1 2 5 11 8 
2 3 5 1 1 3 11 1 1 
2 5 2 1 1 1 3 1 4 2 
6 5 1 1 2 3 1 3 
5 1 3 1 1 1 3 1 1 2 
8 8 5 6 3 3 
8 4 5 1 1 9 6 3 
1 3 1 1 4 3 3 10 
1 1 1 3 6 3 2 5 3 
1 4 3 3 2 4 
7 1 3 3 5 4 
11 1 1 8 5 3 
5 3 1 1 17 4 3 
3 3 6 1 7 8 
8 4 1 7 7 
5 1 4 4 
3 2 3 5 1 
4 1 3 6 
3 3 2 4 4 1 
5 1 1 1 1 2 4 3 3 
8 1 2 4 1 9 
10 2 3 5 3 
1 5 2 2 6 7 
3 3 4 3 3 2 5 
1 3 5 2 9 
1 1 2 3 1 1 1 1 4 3 
3 3 2 3 7 1 3 2 
3 4 2 1 1 2 5 1 2 
4 5 3 1 2 2 6 2 2 
1 1 5 2 1 1 1 2 1 
2 1 6 2 3 8 1 7 
2 1 2 1 6 2 5 3 4 
2 1 3 6 6 8 3 4 1 
14 5 13 2 
8 1 4 4 1 9 3 1 2 
19 1 1 7 
1 1 4 13 2 2 
3 3 7 1 4 2 1 7 
3 11 7 3 2 6 
3 5 1 1 6 1 15 
1 9 1 2 1 3 4 1 2 
1 2 4 5 1 16 3 
2 1 1 1 4 1 3 10 3 4 
2 1 1 4 4 5 4 9 
1 4 3 9 3 3 2 
3 1 5 12 1 1 
3 1 3 1 3 1 3 1 1 
1 1 4 3 2 1 3 2 1 
3 4 3 2 1 2 2 2 3 
2 1 2 4 1 1 2 1 1 2 3 
3 2 1 1 2 6 3 
3 6 4 1 1 2 1 1 1 3 
2 9 1 6 2 3 1 3 
3 11 6 1 1 3 2 1 
4 7 2 3 1 1 5 4 
7 14 1 4 8 
1 4 1 6 6 1 1 2 8 
1 4 6 1 6 1 1 1 6 8 
1 1 12 4 1 5 3 1 1 
1 1 8 1 4 1 7 1 
2 1 1 2 13 4 2 4 1 
3 1 1 13 1 1 6 1 
1 1 5 9 6 1 
